0.5906454824
0.2250847390
0.5817718730
0.4266009491
0.1578834415
0.7375839197
0.3284561928
0.9123456789
0.0456789123
0.6741238956
0.2389014567
0.7890123456
0.4567890123
0.1234567890
0.8901234567
0.5678901234
0.2345678901
0.9012345678
0.6789012345
0.3456789012
0.0123456789
0.7894561230
0.4561237890
0.1237894560
0.8904561237
0.5671238904
0.2348905671
0.9015672348
0.6782349015
0.3459016782
0.0134567892
0.7901234568
0.4578901234
0.1245678901
0.8912345679
0.5689012345
0.2356789012
0.9023456789
0.6790123456
0.3467890123
0.0145678901
0.7912345678
0.4589012345
0.1256789012
0.8923456789
0.5690123456
0.2367890123
0.9034567890
0.6801234567
0.3478901234